image: mall_mapping.pgm
resolution: 0.050000
origin: [-81.200000, -33.500000, 0.000000]
negate: 0
occupied_thresh: 0.65
free_thresh: 0.196

